00000000 00000000 00000000 00000000
00100010 00010000 00000000 00101000
00100001 00101001 00000000 00000000
00100000 00010001 00000000 00000000
00100010 00001000 11111111 11111100
00100000 00010010 00000000 00000000
00100000 00010011 00000000 00000000
00010001 00001001 00000000 01011011
00100001 00101010 00000000 00000000
00100000 00010001 00000000 00000000
00100000 00010010 00000000 00000000
00100001 00101100 00000000 00000100
00000010 00101001 10001000 00100000
00000010 01001010 10010000 00100000
00010010 00001100 00000000 01001011
00100000 00010011 00000000 00000000
10001110 01010101 00000000 00000000
00000000 00000000 00000000 00000000
00000010 01101100 10011000 00100000
00000000 00000000 00000000 00000000
00000000 00000000 00000000 00000000
10001110 01110110 00000000 00000000
00000000 00000000 00000000 00000000
00000000 00000000 00000000 00000000
00000010 10110110 10111000 00101010
00000000 00000000 00000000 00000000
00000000 00000000 00000000 00000000
00010010 11100000 00000000 00000010
00100001 10001010 00000000 00000000
00000010 01100000 10010000 00100000
00100001 10001100 00000000 00000100
00000000 00000000 00000000 00000000
00000000 00000000 00000000 00000000
00010010 00001100 00000000 00111000
00100000 00010011 00000000 00000000
10001110 01010101 00000000 00000000
00000000 00000000 00000000 00000000
00000010 01101100 10011000 00100000
00000000 00000000 00000000 00000000
00000000 00000000 00000000 00000000
10001110 01110110 00000000 00000000
00000000 00000000 00000000 00000000
00000000 00000000 00000000 00000000
00000010 10110110 10111000 00101010
00000000 00000000 00000000 00000000
00000000 00000000 00000000 00000000
00010010 11100000 00000000 00000010
00100001 10001010 00000000 00000000
00000010 01100000 10010000 00100000
00100001 10001100 00000000 00000100
00000000 00000000 00000000 00000000
00000000 00000000 00000000 00000000
00010010 00001100 00000000 00100101
00100000 00010011 00000000 00000000
10001110 01010101 00000000 00000000
00000000 00000000 00000000 00000000
00000010 01101100 10011000 00100000
00000000 00000000 00000000 00000000
00000000 00000000 00000000 00000000
10001110 01110110 00000000 00000000
00000000 00000000 00000000 00000000
00000000 00000000 00000000 00000000
00000010 10110110 10111000 00101010
00000000 00000000 00000000 00000000
00000000 00000000 00000000 00000000
00010010 11100000 00000000 00000010
00100001 10001010 00000000 00000000
00000010 01100000 10010000 00100000
00100001 10001100 00000000 00000100
00000000 00000000 00000000 00000000
00000000 00000000 00000000 00000000
00010010 00001100 00000000 00010010
00100000 00010011 00000000 00000000
10001110 01010101 00000000 00000000
00000000 00000000 00000000 00000000
00000010 01101100 10011000 00100000
00000000 00000000 00000000 00000000
00000000 00000000 00000000 00000000
10001110 01110110 00000000 00000000
00000000 00000000 00000000 00000000
00000000 00000000 00000000 00000000
00000010 10110110 10111000 00101010
00000000 00000000 00000000 00000000
00000000 00000000 00000000 00000000
00010010 11100000 00000000 00000010
00100001 10001010 00000000 00000000
00000010 01100000 10010000 00100000
00100001 10001100 00000000 00000100
00000000 00000000 00000000 00000000
00001000 00000000 00000000 00001110
00010001 01001001 00000000 00000101
10001110 00101111 00000000 00000000
10001110 01010101 00000000 00000000
00000000 00000000 00000000 00000000
10101110 01001111 00000000 00000000
10101110 00110101 00000000 00000000
00100001 00101001 00000000 00000100
00000000 00000000 00000000 00000000
00001000 00000000 00000000 00000111
00000000 00000000 00000000 00000000