00000000 00000000 00000000 00000000
10001100 00010000 00000000 00000000
10001100 00010001 00000000 00000100
10001100 00010010 00000000 00001000
10001100 00010011 00000000 00010000
00000010 00110010 00010000 00100000
00000010 01110010 01001000 00100010
00111010 00001000 00000000 00000010
00010110 00010001 00000000 00000010
00101010 00001000 00000000 00000010
00000000 00010000 01000000 01000000
00101010 00001000 11111111 11111110
00000000 00010001 01010000 10000011
00110001 00101100 00000000 00000011
00000010 00010001 00000000 00011001
00000010 00000000 00000000 00001001
00010110 00010000 00000000 00000010
00001000 00000000 00000000 00000110